240.957 240.843 240.73 240.617 240.505 240.394 240.284 240.174 240.065 239.957 
239.85 239.743 239.637 239.531 239.427 239.323 239.219 239.117 239.015 238.914 
238.813 238.714 238.615 238.516 238.419 238.322 238.226 238.131 238.036 237.942 
237.849 237.756 237.664 237.573 237.483 237.393 237.304 237.216 237.128 237.041 
236.955 236.869 236.785 236.701 236.617 236.535 236.453 236.372 236.291 236.212 
236.133 236.054 235.977 235.9 235.824 235.748 235.673 235.599 235.526 235.453 
235.381 235.31 235.24 235.17 235.101 235.033 234.965 234.898 234.832 234.766 
234.702 234.637 234.574 234.541 234.414 234.149 234.003 233.874 233.584 233.476 
233.353 233.073 232.932 232.639 232.54 232.407 232.133 231.965 231.828 231.603 
231.435 231.131 230.998 230.834 230.563 230.251 230.11 229.928 229.783 229.512 
229.216 229.036 228.845 228.541 228.4 228.088 227.916 227.601 227.508 227.182 
227.011 226.835 226.553 226.393 226.086 225.924 225.628 225.493 225.173 225.025 
224.829 224.555 224.396 224.09 223.913 223.613 223.45 223.147 222.968 222.642 
222.497 222.359 222.018 221.843 221.543 221.381 221.041 220.883 220.573 220.412 
220.075 219.871 219.576 219.413 219.105 218.907 218.584 218.426 218.093 217.898 
217.595 217.405 217.081 216.905 216.569 216.43 216.07 215.876 215.544 215.406 
215.03 214.848 214.516 214.198 214.02 213.782 213.503 213.152 212.947 212.756 
212.444 212.107 211.886 211.553 211.218 211.028 210.845 210.51 210.153 209.934 
209.744 209.439 209.043 208.858 208.525 208.189 207.97 207.754 207.274 207.035 
206.862 206.512 206.119 205.883 205.495 205.156 204.948 204.713 204.267 203.976 
203.693 203.419 203.048 202.735 202.611 202.457 202.309 201.932 201.749 201.496 
201.128 200.905 200.526 200.142 199.927 199.685 199.127 198.877 198.452 198.047 
197.798 197.336 196.936 196.455 195.977 195.595 195.395 195.024 194.734 194.62 
194.505 194.384 194.11 193.968 193.823 193.525 193.414 193.115 193.003 192.883 
192.54 192.481 192.453 192.314 192.181 192.051 191.927 191.806 191.69 191.579 
191.472 191.369 191.271 191.177 191.088 191.003 190.923 190.847 190.776 190.709 
190.647 190.589 190.535 190.486 190.442 190.402 190.366 190.335 190.308 190.286 
190.268 190.255 190.246 190.241 190.241 190.241 190.241 190.241 190.241 190.241 
190.241 190.241 190.241 190.241 190.241 190.241 190.241 190.241 190.241 190.241 
190.241 190.241 190.241 190.241 190.241 190.241 190.241 190.241 190.241 190.241 
190.241 190.241 190.241 190.241 190.241 190.241 190.241 190.241 190.241 190.241 
190.241 190.241 190.241 190.241 190.241 190.241 190.241 190.241 190.241 190.241 
190.241 190.241 190.241 190.241 190.241 190.241 190.241 190.241 190.241 190.241 
190.241 190.241 190.241 190.241 190.241 190.241 190.241 190.241 190.241 190.241 
192.219 192.219 192.163 192.139 192.09 192.003 191.975 191.904 191.838 191.765 
191.57 191.501 191.47 191.415 191.135 191.083 191.01 190.932 190.844 190.765 
190.572 190.484 190.424 190.167 190.101 189.995 189.908 189.845 189.737 189.519 
189.453 189.389 189.114 189.016 188.929 188.673 188.588 188.502 188.407 188.341 
188.049 187.974 187.874 187.629 187.55 187.453 187.358 187.105 186.992 186.848 
186.627 186.525 186.427 186.343 186.085 185.957 185.877 185.603 185.515 185.421 
185.13 185.006 184.903 184.778 184.537 184.465 184.353 184.034 183.911 183.63 
183.517 183.418 183.179 183.03 182.914 182.64 182.543 182.435 182.328 182.048 
181.877 181.644 181.52 181.419 181.279 180.984 180.83 180.577 180.46 180.165 
180.003 179.859 179.698 179.46 179.147 178.966 178.816 178.529 178.215 178.066 
177.898 177.749 177.469 177.136 176.972 176.827 176.54 176.412 176.1 175.914 
175.636 175.48 175.381 175.004 174.832 174.565 174.448 174.113 173.952 173.773 
173.491 173.169 173.018 172.842 172.555 172.428 172.066 171.899 171.596 171.442 
171.119 170.95 170.784 170.472 170.153 169.964 169.789 169.497 169.158 168.987 
168.796 168.49 168.191 168.011 167.808 167.5 167.171 166.99 166.802 166.515 
166.155 165.953 165.777 165.468 165.117 164.918 164.736 164.437 164.057 163.896 
163.555 163.212 163.022 162.808 162.516 162.18 161.956 161.785 161.461 161.092 
160.897 160.592 160.425 160.042 159.848 159.518 159.182 158.982 158.765 158.28 
158.094 157.903 157.695 157.179 156.991 156.783 156.286 156.071 155.878 155.538 
155.078 154.677 154.38 154.038 153.805 153.397 153.229 152.942 152.649 152.35 
152.045 151.734 151.443 151.066 150.86 150.422 150.166 149.624 149.343 148.875 
148.44 147.953 147.294 147.004 146.525 146.007 145.573 145.117 144.882 144.523 
144.184 144.109 143.986 143.978 143.917 143.629 143.537 143.396 143.257 142.959 
142.62 142.416 142.131 142.028 141.828 141.588 141.502 141.18 141.088 140.967 
140.932 140.801 140.674 140.551 140.432 140.317 140.207 140.1 139.998 139.9 
139.806 139.716 139.63 139.548 139.47 139.396 139.327 139.261 139.2 139.142 
139.089 139.04 138.995 138.954 138.917 138.884 138.856 138.831 138.811 138.794 
138.782 138.774 138.77 138.77 138.77 138.77 138.77 138.77 138.77 138.77 
138.77 138.77 138.77 138.77 138.77 138.77 138.77 138.77 138.77 138.77 
138.77 138.77 138.77 138.77 138.77 138.77 138.77 138.77 138.77 138.77 
138.77 138.77 138.77 138.77 138.77 138.77 138.77 138.77 138.77 138.77 
138.77 138.77 138.77 138.77 138.77 138.77 138.77 138.77 138.77 138.77 
138.77 138.77 138.77 138.77 138.77 138.77 138.77 138.77 138.77 138.77 
138.77 138.77 138.77 138.77 138.77 138.77 138.77 138.77 138.77 138.77 
140.597 140.597 140.818 140.761 140.53 140.483 140.416 140.396 140.116 140.064 
139.984 139.913 139.87 139.806 139.577 139.521 139.427 139.154 139.121 139.043 
138.959 138.864 138.807 138.721 138.501 138.451 138.196 138.085 138.018 137.955 
137.873 137.617 137.546 137.453 137.188 137.126 137.026 136.923 136.853 136.601 
136.527 136.251 136.174 136.076 135.994 135.865 135.785 135.56 135.485 135.407 
135.132 134.979 134.9 134.789 134.554 134.471 134.377 134.104 133.971 133.85 
133.591 133.507 133.414 133.149 133.023 132.927 132.795 132.541 132.456 132.16 
132.072 131.938 131.653 131.547 131.446 131.348 131.043 130.931 130.651 130.567 
130.466 130.346 130.029 129.91 129.76 129.507 129.184 129.068 128.914 128.782 
128.47 128.205 128.058 127.937 127.78 127.499 127.187 127.033 126.903 126.575 
126.477 126.134 125.983 125.853 125.536 125.424 125.112 124.978 124.818 124.551 
124.445 124.098 123.988 123.821 123.54 123.407 123.061 122.923 122.61 122.491 
122.182 122.05 121.885 121.573 121.466 121.121 120.98 120.827 120.54 120.403 
120.071 119.901 119.595 119.47 119.151 118.957 118.8 118.51 118.43 118.06 
117.901 117.595 117.462 117.124 116.944 116.774 116.511 116.181 116.007 115.833 
115.553 115.429 115.082 114.883 114.576 114.243 114.091 113.912 113.754 113.464 
113.119 112.956 112.767 112.498 112.173 111.989 111.829 111.499 111.157 110.994 
110.849 110.526 110.172 109.993 109.833 109.505 109.158 109.003 108.813 108.484 
108.18 108.003 107.814 107.483 107.184 106.957 106.804 106.485 106.15 105.945 
105.753 105.263 105.101 104.9 104.715 104.086 103.704 103.478 103.259 102.969 
102.687 102.412 102.144 101.883 101.63 101.384 101.146 100.914 100.648 100.523 
100.382 100.07 99.8927 99.7262 99.3508 99.1306 98.8943 98.7109 98.1549 97.9548 
97.7792 97.2544 97.0656 96.8655 96.4945 96.1334 95.949 95.7383 95.2347 95.0142 
94.8346 94.3024 94.1198 93.9133 93.5268 93.173 92.9659 92.7656 92.226 92.021 
91.8168 91.4174 91.0402 90.8886 90.7274 90.4644 90.2094 90.0902 90.0083 89.9412 
89.8072 89.5796 89.4784 89.1811 88.7444 89.182 89.0968 89.0153 88.9373 88.863 
88.7922 88.7251 88.6615 88.6016 88.5453 88.4925 88.4434 88.3979 88.356 88.3176 
88.2829 88.2518 88.2243 88.2004 88.1801 88.1635 88.1504 88.1409 88.135 88.1327 
88.1327 88.1327 88.1327 88.1327 88.1327 88.1327 88.1327 88.1327 88.1327 88.1327 
88.1327 88.1327 88.1327 88.1327 88.1327 88.1327 88.1327 88.1327 88.1327 88.1327 
88.1327 88.1327 88.1327 88.1327 88.1327 88.1327 88.1327 88.1327 88.1327 88.1327 
88.1327 88.1327 88.1327 88.1327 88.1327 88.1327 88.1327 88.1327 88.1327 88.1327 
88.1327 88.1327 88.1327 88.1327 88.1327 88.1327 88.1327 88.1327 88.1327 88.1327 
88.1327 88.1327 88.1327 88.1327 88.1327 88.1327 88.1327 88.1327 88.1327 88.1327 
89.3885 89.3885 89.0946 89.0451 88.9947 88.9451 88.8771 88.8089 88.7587 88.5869 
88.4871 88.4738 88.2247 88.1805 88.0788 88.048 87.9842 87.9277 87.8487 87.7556 
87.5922 87.481 87.4367 87.3625 87.0997 87.0415 86.9493 86.8633 86.6394 86.5617 
86.5008 86.4483 86.3554 86.1011 85.9908 85.9404 85.8264 85.7412 85.507 85.2584 
85.1571 85.1164 85.0333 84.9076 84.8284 84.5817 84.5354 84.4446 84.387 84.0617 
83.9825 83.878 83.6216 83.5467 83.456 83.4141 83.1349 83.0032 82.9256 82.8272 
82.5515 82.4771 82.2088 82.1296 81.9943 81.8845 81.8073 81.552 81.4615 81.3803 
81.0617 80.9787 80.8494 80.5989 80.492 80.4055 80.1232 80.0234 79.8859 79.6367 
79.5688 79.4601 79.128 79.0714 78.9032 78.609 78.5381 78.4338 78.1139 77.9872 
77.8384 77.5755 77.4556 77.1617 77.0358 76.8719 76.7594 76.474 76.1926 76.0438 
75.8759 75.5877 75.48 75.3697 75.0531 74.922 74.5937 74.4655 74.3748 74.0478 
73.9068 73.636 73.502 73.3798 73.0846 72.9241 72.7733 72.5159 72.3688 72.0342 
71.9161 71.6168 71.5175 71.3724 71.0441 70.8872 70.5723 70.4622 70.1464 70 
69.8289 69.5328 69.2573 69.0978 68.9515 68.6625 68.5215 68.1892 68.0392 67.9001 
67.5851 67.4295 67.1194 66.956 66.8004 66.52 66.3779 66.0157 65.8985 65.5898 
65.4221 65.1329 64.9327 64.7712 64.5065 64.1737 64.0204 63.8428 63.5566 63.4306 
63.066 62.8803 62.5657 62.4219 62.1281 61.929 61.6043 61.4787 61.1238 60.9454 
60.7833 60.4813 60.1502 59.9589 59.7868 59.4692 59.1482 58.9735 58.767 58.4778 
58.1342 57.9835 57.8093 57.4934 57.1396 56.9819 56.7733 56.4747 56.1493 55.9348 
55.7692 55.4344 55.0784 54.9103 54.5544 54.4263 54.0355 53.8162 53.3652 53.0521 
52.7379 52.4228 52.1067 51.7896 51.4715 51.1524 50.8323 50.5112 49.9855 49.8822 
49.5175 49.1584 48.9633 48.5536 48.3323 47.8861 47.5776 47.1014 46.8246 46.1703 
45.9037 45.446 45.0292 44.5647 44.2635 43.6209 43.1499 42.8747 42.2057 41.9724 
41.7992 41.4629 41.336 40.9882 40.8676 40.6581 40.5744 40.4902 40.3983 40.0387 
39.716 39.5722 39.4406 39.1592 39.0898 38.9818 38.8852 38.5282 38.4759 38.1597 
38.0388 37.868 37.5504 37.3802 37.1064 37.4005 37.3029 37.2099 37.1212 37.0371 
36.9573 36.8821 36.8112 36.7449 36.683 36.6255 36.5725 36.5239 36.4798 36.4401 
36.4049 36.3741 36.3478 36.3259 36.3085 36.2955 36.287 36.2829 36.2829 36.2829 
36.2829 36.2829 36.2829 36.2829 36.2829 36.2829 36.2829 36.2829 36.2829 36.2829 
36.2829 36.2829 36.2829 36.2829 36.2829 36.2829 36.2829 36.2829 36.2829 36.2829 
36.2829 36.2829 36.2829 36.2829 36.2829 36.2829 36.2829 36.2829 36.2829 36.2829 
36.2829 36.2829 36.2829 36.2829 36.2829 36.2829 36.2829 36.2829 36.2829 36.2829 
36.2829 36.2829 36.2829 36.2829 36.2829 36.2829 36.2829 36.2829 36.2829 36.2829 
36.2829 36.2829 36.2829 36.2829 36.2829 36.2829 36.2829 36.2829 36.2829 36.2829 
37.8464 37.8464 37.8464 37.7592 37.6994 37.2786 37.275 37.2234 37.1905 37.1306 
37.0933 37.0938 37.0316 36.979 36.9528 36.8719 36.86 36.81 36.7771 36.5673 
36.5289 36.4706 36.4218 36.3844 36.3617 36.1079 36.0607 35.9873 35.97 35.8896 
35.8349 35.6223 35.6021 35.5168 35.486 35.4462 35.399 35.1745 35.0899 35.0123 
34.9511 34.926 34.8213 34.7829 34.7346 34.5294 34.5003 34.4611 34.4143 34.1389 
34.0782 34.0101 33.9318 33.8898 33.8154 33.6023 33.5431 33.4865 33.4446 33.3832 
33.3537 33.0787 32.9756 32.9449 32.863 32.6123 32.5747 32.4924 32.4154 32.1945 
32.1586 32.0603 31.9966 31.9205 31.8615 31.8002 31.7215 31.4995 31.4529 31.3821 
31.1316 31.0297 30.9651 30.9183 30.8047 30.5748 30.5162 30.4483 30.4236 30.1341 
30.036 29.9839 29.9217 29.8567 29.6081 29.4972 29.4677 29.3918 29.1304 29.059 
28.9695 28.8774 28.7882 28.5743 28.5063 28.4218 28.1333 28.0666 27.967 27.8658 
27.8003 27.5746 27.51 27.2033 27.1116 27.0452 26.944 26.8043 26.7415 26.651 
26.2367 26.1666 26.0735 25.9267 25.8432 25.598 25.5053 25.3826 25.1346 25.0284 
24.9323 24.8556 24.5834 24.511 24.4191 24.1541 24.0152 23.9376 23.8516 23.5814 
23.4938 23.1932 23.1372 23.0474 22.9448 22.83 22.5857 22.5154 22.431 22.1352 
22.0443 21.9685 21.7777 21.5839 21.4977 21.3977 21.1186 21.0199 20.924 20.8097 
20.5825 20.4955 20.1792 20.1037 19.9438 19.8772 19.7831 19.5346 19.4167 19.1683 
19.0366 18.9185 18.8063 18.6122 18.485 18.3898 18.0654 17.9566 17.8705 17.5945 
17.4769 17.4207 17.108 17.009 16.9009 16.7624 16.5154 16.4219 16.1298 16.0174 
15.8822 15.6234 15.5472 15.4717 15.14 15.0634 14.9395 14.826 14.5593 14.4433 
14.1754 14.0683 13.9355 13.8032 13.5295 13.4447 13.1388 13.0558 12.9015 12.8071 
12.5479 12.409 12.1258 12.0142 11.8698 11.7537 11.5257 11.2039 11.1123 10.9893 
10.8637 10.5703 10.4859 10.3659 10.0828 9.93992 9.80052 9.56201 9.43381 9.36234 
9.01559 8.90592 8.74709 8.49507 8.40353 8.09857 7.9639 7.85859 7.57084 7.43359 
7.1569 7.02027 6.87693 6.60452 6.49358 6.22803 6.10488 5.96912 5.82197 5.70841 
5.43215 5.12879 4.99266 4.86306 4.72176 4.46433 4.16 4.04416 3.89395 3.77882 
3.49057 3.41198 3.27973 3.1668 3.04481 2.81086 2.69607 2.52891 2.36214 2.19576 
2.02976 1.86415 1.69892 1.53408 1.36963 1.20556 1.04188 0.878583 0.715674 0.553151 
0.391015 0.229265 0.0679008 -0.0930769 -0.253668 -0.413873 -0.573692 -0.733125 -0.892172 -1.05083 
-1.20911 -1.36699 -1.5245 -1.68161 -1.83834 -1.99468 -2.15064 -2.30621 -2.46139 -2.61619 
-2.7706 -2.92463 -3.07827 -3.23152 -3.38439 -3.53687 -3.68896 -3.84067 -3.99199 -4.14293 
-4.29348 -4.44364 -4.59342 -4.74281 -4.89181 -5.04043 -5.18866 -5.33651 -5.48397 -5.63104 
-5.77773 -5.92403 -6.06995 -6.21547 -6.36062 -6.50537 -6.64974 -6.79373 -6.93732 -7.08053 
-7.22336 -7.3658 -7.50785 -7.64951 -7.79079 -7.93169 -8.0722 -8.21232 -8.35205 -8.4914
